Robi: -7 9 13 1 8 7 15 -7 -5 -7 1 6 -8 10 -3 2 13 15 15 -2 11 1 2 -6 13 14 -2 4 7 15 15 -6 1 -7 14 -8 -1 1 13 4 13 5 8 15 10 7 5 14 5 13 -5 5 -5 -5 3 4 -6 -4 12 -1 -2 15 -8 12 6 -3 -6 -4 -8 -6 12 -7 13 11 -8 4 11 -2 13 8 7 9
Berta: 9 -2 -1 -2 -3 -6 14 8 8 8 6 3 -8 1 1 -6 9 9 3 9 4 11 6 6 6 10 -8 13 12 9 -4 -8 -2 -2 11 6 7 3 15 -8 -5 4 -1 6 -4 1 15 13 2 8 8 13 4 10
Franci: 6 -8 5 -7 11 12 12 13 3 7 -2 8 -8 7 12 7 -3 1 -1 9 -6 1 -6 -5 9 9 1 -8 3 1 -7 15 -6 9 -7 10 7 1 -4 -8 14 13 9 5 10 1 10 -4 10 14 2 14 -3 14 3 -6 -6 8 -1 3 3 11 4 -7 -5 -6 9 14 4 -6 15 -3 -2 -7 -3 2 8 11 10 6 -5 3 1 -3 -3 4 12 1 -7 5 10 2 15
Štefan: -4 3 -7 3 4 11 8 -1 10 13 -4 9 -8 14 15 4 13 -1 10 13 8 -8 1 1 5 -5 -3 -6 1 -2 14 2 -7 -5 -1 15 4 11 -2 -2 10 -6 -7 -8 12 6 7 14 9 -3 3 -5 -3 13 14 2 8 1 -7 3 9 7 3 -8 3 1 13 14 4 -8 10 6 6 4 6 10 14 11 -7 -5 5 15 5 9 9 -5 14 13 6 9 -7 11 6 -1 14 -4 -1 -4 6 -7 -3 3 11 12 9 -5 15 12
Peter: -3 11 -1 -1 -4 10 -4 11 11 -4 3 1 6 2 -7 -5 15 4 -3 -2 6 12 -2 14 12 -2 5 2 4 10 3 1 14 13 -4 -1 -5 6 3 2 12 -4 -1 5 -5 -6 15 -7 -8 4 -1 4 5 15 4 8 3 4 -6 8 -4 -2 -3 10 10 -3 7 10 -8 15 12 -2 -2 11 11 7 8 -6 4 1 10 2 15 -5 1 4 7 -4 -7 7 -3 -6 -8 -3 1 -4 -1 15 15 10 7 13 -7 15 7 9 13 11 -8 1 6 -6 2 7 -8 -7 3 12 -2 5 12 3 8 13 12 3 11 2 -6 -6 -5 14 -2 11 -8 -3 -1 -1 -7 9 8 4 2 15
Cilka: -4 13 12 15 4 15 13 -3 1 3 -1 12 -3 2 12 14 6 -3 -6 15 -8 -4 10 11 11 13 -3 2 -4 8 13 -5 12 1 -2 12 -6 -5 2 5 13 13 5 11 15 2 -3 7 15 15 -2 13 10 10 -2 -8 15 15 -3 6 15 5 6 -3 -1 13 -8 12 15 -8 3 9 -4 -8 13 -6 1 -6 11 -4 5 11 -6 14 -6 -1 7 9 9 -4 2 -6 -7 14 1 15 -6 -8 15 1 3 -4 3 7 9 -5 10 4 -3 4 4 9 8 4 -3 11
Veronika: 1 7 -1 -7 11 -7 9 5 14 -8 4 -1 3 -8 4 -7 -2 6 6 8 8 12 10 4 12 11 13 3 -1 8 15 13 -6 12 10 1 2 14 6 14 6 1 10 -4 15 5 -7 -1 -4 10 -3 15 8 12 11
Ana: 6 14 8 -2 4 10 13 10 4 -1 -7 -4 -4 -7 3 12 10 13 13 -6 8 -7 -4 2 -8 -1 -5 4 -3 -8 -5 4 -5 -5 7 14 4 -6 -5 7 12 15 -6 15 10 -7 4 13 12 15 -4 10 -5 12 14 -7 -6 4 -6 2 -2 -3 -5 -8 -2 -3 10 9 11 4 4 1 7 5
Saša: 13 -8 15 8 7 13 15 6 -8 14 4 10 7 -6 -2 -1 1 7 7 7 1 -4 4 -2 4 -6 9 -1 2 3 5 4 13 -8 -2 5 3 5 11 11 -3 6 -2 -4 -3 -3 5 -5 4 -4 15 -1 6 3 3 -6 -6 7 15 14 12 2 11 -4 8 -1 -4 9 3 14 -4 -2 -1 11 -1 13 14 12 -3 8 9 -3 -7 2 -6 5 4 12 1 6 5 -6 11 -4 1 -6 -6 12 -7 -4 12 9 9 7 -6 15 -4 -2 8 8 6 6
Miran: 6 2 6 3 5 2 8 -3 14 10 13 11 13 6 -3 -8 4 12 -1 10 3 10 8 -6 6 -6 5 -3 -7 -5 -2 4 -8 -1 -3 3 -6 -1 9 3 -1 5 -2 2 -2 8 4 -5 12 -4 7 2 8 14 14 -8 10 7 -5 5 -7 15 -3 -6 -1 1 12 13 9 -2 15 13 -2 11 8 -2 10 4 5 -7 -1 -6 15 7 4 11 -7 6 -7 9 3 -6 11
Janez: 1 14 4 2 -3 14 11 15 12 10 -8 -1 11 5 -3 -5 2 8 3 8 -5 -2 9 -7 -2 6 -7 -3 3 -4 1 -2 7 -4 -4 4 -7 -7 14 4 5 11 -4 7 -5 2 15 -1 7 6 9 -7 -2 15 8 8 8 14 11 12 15 15 -4 4 15 7 13 11 -3 -3 5 10 6 1 7 9 11 8 9 -8 8 13 -1 1 5 -5 2 11 -6 -5 7 8 11 -6 13
Ivan: 15 2 2 13 8 8 -8 3 9 -1 13 -7 2 6 5 -3 -3 -1 5 8 -2 14 5 -3 3 -3 6 6 8 4 2 15 13 -1 -3 -3 -7 15 -1 9 11 5 3 2 -7 12 3 3 8 -6 13 12 5 -3 -8 -3 8 7 -8 15 -8 -8 8 7 14 -2 13 -6 -6 -4 5 14
Albert: 8 4 10 12 -3 15 5 -3 -5 -3 -4 -8 -1 2 5 -6 -2 -4 5 6 1 12 3 4 11 2 -8 5 -4 8 13 4 4 -6 5 -1 7 3 -6 6 14 -7 3 12 5 9 14 4 -8 8 5 2 13 4 -4 2 13 5 -5 -5 12 11 -8 -8 -3 11 -7 6 -4 -3 7 3 -4 8 -7 -4 -6 10 9 -4 3 -3 12 -7 -7 -4 -8 13 -6 2 2 6 2 3 -6 2 10 -2 -5 11 -6 4 2 -6 7 -1 2 1 9 6 -3 2 9 15 7 10 2 13
Klara: 4 1 -7 7 13 1 -2 2 14 3 -1 15 5 3 4 5 -8 1 1 12 -8 14 -5 13 -4 11 8 -2 11 3 -2 3 5 -7 13 -8 -3 11 -3 -4 -4 3 -1 -4 -6 -2 8 8 14 -4 15 9 11 -1 -1 6 12 -8 3 1 -7 -6 7 1 14 1 -1 11 2 -3 5 -4 -2 -4 2 6 -1 -4 14 4 8 13 10 -6 -8 14 -2 3 6 1 5 10 13 -3 12 -3 14 -4 13 2 7 -6 9 10 -8 15 -1 6 -1 -7 12 9 12 10 -3 2 -5 -5 10 -7 11 -6 3 14 3 -2 -4 15 14 14
Helga: 3 -1 4 6 15 2 9 8 -8 1 4 5 -6 -2 8 12 14 -8 8 -2 7 -6 9 -4 7 -1 -8 14 4 15 1 14 9 13 -8 -2 -7 1 -6 -6 -5 -3 14 -6 10 -6 8 -2 12 6 8 -4 -5 5 -7 3 5 9 -1 11 -4 3 2 7 7 -5 -4 -8 7 10 -4 15 10 15 10 4 7 6 15 8 9 6 5 -3 4 6 -5 8 -1 6 9 1 15 -5 7 14 -5 -3 5 -7 -5 5 14 2
Lojze: 3 13 -8 -7 13 14 -3 -4 -4 11 -6 1 9 7 3 8 -8 4 8 7 1 11 -5 6 -4 -7 -1 -5 -4 10 -7 10 -4 8 10 12 15 15 2 7 -2 4 -3 10 -2 12 -3 -5 7 13 1 11 -6 -2 6 9 1 -5 5 1 4 5 6 12 6 -5 6 4 -4 -4 -8 8 2 12 -2 -4 1 5 -6 1 -2 14 -1 3 -8 -8 -3 -5 4 2 5 4 10 -2 6 9 6 -6 7 4 13 -8 15 3 12 -1 3 10
Benjamin: 5 3 -2 -4 4 9 15 14 8 -3 -5 -3 14 15 -8 -3 4 -2 -8 13 -6 2 1 3 -6 -5 2 4 8 12 -7 3 2 -8 14 11 7 -7 -3 1 4 -1 -7 3 -5 -2 12 9 13 -4 8 10 9 8 15 -2 3 5 -1 15 9 -7 7 11 -5 -1 -4 7 8 -6 -1 7 9 6 -8 10 14 -7 13 3 8 10 -4 -6 -1 -7 -6 -6 3 -2 1 -4 1 13 -1 -4 7 3 7 -4 2 1 -7 4 10 -8 13 14 14 13 -8 8 11 10 11 -6 -7 11 2 9 3 7 15 15 8 15
Krištof: 7 4 4 4 -4 2 4 11 7 3 15 2 -6 -2 -2 5 2 -5 2 3 13 -8 8 6 -4 7 -3 15 9 12 12 3 15 13 15 -7 10 8 -1 -5 15 9 5 14 -8 15 -7 -5 14 6 -1 15 -4 6 -7 8 -7 15 10 -8 -6 1 8 5 15 4 -1 -3 5 -5 14 -4 -1 -8 -4 15 11 6 11 7 13 14 -2 5 9 6 1 9 -1 15 15 2 6 8 10 -1 -7 -7 7 -4 1 -6 5 9 15 4 12 3 -4 -4 10 15
Nina: 6 -4 10 -2 9 -6 -5 11 12 5 2 -7 8 3 -1 -4 4 -1 -7 -6 7 -6 1 3 7 -6 12 6 -5 3 -3 4 -3 -7 4 14 13 -3 -8 -6 -2 7 11 -8 1 -3 -6 -1 11 13 8 -3 9 -8 15 2 3 12 -2 -8 2 9 6 7 8 -4 -7 -7 -5 -5 -4 1 12 2 2 6 1 4 -4 -4 15 12 12 -1 1 2 10 -7 8 -2 -6 2 -2 -5 1 -1 10 12 11 15 9 -4 9 -3 9 1 12 2 5 -4 15 -4 7 -6 10 11 -4 -1 5 -6 1 -7 -6 15 4 2 11
Zala: 6 7 5 -4 12 12 4 -2 2 -4 -4 15 -1 9 -2 11 7 -5 -3 13 2 2 9 6 1 15 1 -5 1 1 -5 14 14 11 -1 10 12 3 -6 -4 10 5 -5 14 -1 -1 -6 11 -4 -7 1 1 -5 3 -2 10 -8 9 9 13 8 12 3 -8 3 10 14 1 -7 9 -1 3
Greta: 8 13 14 -7 1 8 6 -1 1 7 -5 7 14 -1 10 6 -8 15 11 7 14 10 6 10 15 -8 12 5 11 3 6 12 4 9 1 8 2 2 9 15 -8 8 15 -1 -3 2 11 13 4 14 1 8 -6 14 4 10 10 -1 13 -6 5 12 6 6 -2 10 -2 -4 10 12 4 -7 13 2 14
Daniela: 1 -5 -1 13 -8 -7 7 15 5 14 13 6 5 -6 1 13 2 10 8 -4 -7 -7 9 6 3 -7 9 11 15 -2 2 9 10 -6 4 -5 1 2 -7 13 -4 15 6 -3 11 2 5 9 4 2 3 11 -6 10 14 1 11 4 -8 2 -5 -8 3 5 -3 -5 10 -6 10 3 -7 10 -1 -3 -5 8 3 6 9 -3 5 -7 -2 9 1 -5 -1 6 8 4 15 -8 -3 -8 3 13 -7 -6 9 -1 14 -5 -1 4 5 -6 -3 8 12 -4 15 -1 -8 3 -4 9 7 5 12 3 -1 13 -5 -4 -2 -6 15 -3 2 2 8 13 3 9 -8 2 13 11 10
Tina: 3 -6 -6 3 -6 10 3 -6 1 -5 4 -5 3 13 -6 -7 15 9 -1 -6 -4 -8 -6 1 -4 -6 -8 15 5 12 11 15 2 7 -1 8 6 15 10 4 -5 1 -2 14 -8 7 9 -4 5 14 -3 8 -8 -2 13 -1 3 13 14 9 1 3 3 5 4 3 -1 15 2 1 -1 1 6 11 10 12 10 8 14 6 10 4 -4 4 3 -7 13 -2 -1 -6 10 12 4 10 -4 10 -2 11 -6 -4 15 -1 -1 8 -2 10 -1 6 9 15 3 -6 13 4 5 -7 -4 4 11 9 -5 10 8 -6 10 12
Fanči: 7 3 14 -3 -1 -7 11 -4 3 -2 5 11 -6 4 -4 -1 -4 6 -7 -6 1 14 -6 14 9 -1 -1 4 13 -7 10 10 3 -5 15 -6 3 14 8 -6 12 -7 15 5 3 -2 -7 1 11 3 -1 3 14 -1 12 12 5 14 10 12 9 -7 10 -2 -2 15 2 -3 1 7 5 11 6 -6 -1 13 1 4 8
Urban: -2 11 -2 1 1 -2 -4 7 2 14 8 -1 5 15 13 1 13 -7 4 -4 9 -7 4 -5 -8 2 3 9 4 -3 9 9 9 -8 -3 -7 -2 -3 10 5 1 12 4 3 -6 -4 2 -4 15 15 -4 5 -2 -4 7 4 -4 6 6 10 5 -8 -4 3 14 14 -4 7 -4 11 -5 -1 -5 6 7 15 12 -4 7 -6 12 12
Gorazd: -6 4 4 4 -4 8 8 12 -8 -5 8 15 -4 14 4 5 3 -6 -2 13 6 12 7 9 -1 8 -8 10 15 14 -3 8 10 10 14 -5 14 7 14 -4 -2 -7 -1 -6 13 5 -2 -3 7 3 5 -6 6 -2 2 -2 8 -4 -2 -3 5 4 -4 -7 5 -1 10 4 14 -8 4 2 6 -5 8 -4 13 6 14 -6 10 2 5 -4 5 -6 -5 9 12 13 3 -8 -6 13 14 12 4 9 3 11 8 8
Dudley: -5 -6 -4 -10 -5 -1 -15 -5 -13 -6 -2 -8 -2 -5 -10 -6 -1 -11 -10 -9 -3 -3 -5 -13 -3 -2 -6 -3 -7 -14 -7 -5 -4 -9 -2 -6 -3 -7 -9 -6 -3 -6 -5 -2 -3 -8 -6 -3 -15 -1 -8 -3 -8 -13 -1 -15 -5 -5 -5 -6 -5 -1 -15
Dani: 13 -1 -5 5 -8 -6 10 -5 6 15 -3 5 5 11 2 2 11 6 -5 6 13 6 -6 10 -6 12 9 -6 -1 -7 -3 4 -4 7 1 -4 14 3 15 -3 -5 -8 -5 15 6 8 2 -7 11 12 15 6 1 5 5 -6 -4 2 -4 12 5 10 14 -2 -1 9
Žan: -4 14 -6 13 9 15 -6 13 -3 2 -2 12 15 -2 1 1 12 -3 -3 15 4 -1 7 5 -8 -6 11 14 1 -1 -1 8 4 -5 4 1 9 15 -6 12 -3 2 11 -7 13 1 8 3 8 -2 2 2 -7 15 1 -2 10 1 5 13 9 2 14 4 2 -6 12 -5 15 12 -6 8 -5 1 -4 10 9 -2 10 13 -8 -3 8 12 -3 1 -6 10 9 -3 -2 3 6 -3 11 1 -1 -3 15 6 2 3 8
Olga: -3 12 6 7 9 13 -6 2 10 1 5 -4 14 12 15 11 15 -7 15 -4 -7 -8 -2 7 -4 -6 -4 5 13 6 9 -2 3 1 14 10 6 2 11 -4 12 12 3 8 3 11 7 10 2 -7 1 6 -2 9 2 15 14 11 -8 13 4 1 13 7 4 13 4 -2 -2 -7 -3 -3 13 -2 8 11 14
Ernest: 5 3 5 1 -7 -5 4 4 2 -7 4 13 1 7 -8 6 1 6 -5 -7 9 9 -8 8 13 7 -1 4 -6 -3 1 10 13 2 12 6 -6 13 7 4 -8 3 5 9 4 9 -1 13 11 5 -7 -4 7 3 -4 3 2 3 3 12 -2 4 1 7 1 -4 11 6 3 -2 -3 7 7 4 15 -1 -7 8 1 9 4 -8 4 10 12 6 8 13
Ema: 1 8 6 -8 15 10 8 11 -2 4 10 1 2 13 -5 11 4 14 8 -8 7 -3 -2 -7 1 -3 -6 -8 1 7 6 9 -7 3 7 -8 10 9 -2 -2 15 -2 5 10 -6 3 14 5 -6 -2 -3 -8 7 -6 -8 -5 1 1 1 6 -4 7 -2 -5 6 -6 -1 -1 -4 2 3 -2 13 15 13 12 12 14 -6 4 -6 8 8 -4 3 -7 10 8 12 11 -5 -1 -3 -5 12 -5 2 -6 6 -3 11 -1 14 4 7 6 -8 -7 8 3 9 5 8 -8 11 8 6 7 1 -6 -4 10 -3 1 -6 -1 11 -5 10 -1 -4 -8 -5 6 4 15 1 15 3 10 1 -1 6 -4 -6 -4 -8 -2 2 15 9 3 -3 -7 -2 -7 3 -1 10 8 12
