101.688
101.958
102.135
100.543
102.596
101.492
102.365
102.533
102.585
103.338
102.449
103.220
103.231
102.197
104.603
105.352
105.563
103.756
104.603
103.972
103.961
105.020
103.831
102.239
102.575
102.428
102.114
102.501
101.885
103.530
102.690
105.921
107.968
105.787
109.589
106.895
106.338
106.519
105.208
105.731
103.477
103.157
101.502
100.553
101.399
99.572
99.771
99.780
100.080
100.725
100.644
102.743
101.916
101.554
101.523
101.184
100.735
99.651
100.220
100.130
99.364
98.580
98.990
97.685
96.071
94.357
93.747
93.703
92.056
91.483
88.739
91.912
91.567
91.600
91.575
91.374
91.017
90.621
90.236
88.984
88.417
87.245
86.994
86.341
86.678
87.169
87.184
85.485
85.933
84.774
85.830
86.244
86.356
87.040
86.708
86.603
87.063
87.451
86.753
84.041
84.076
83.591
85.186
85.558
86.730
86.460
87.966
88.121
88.582
89.542
89.952
90.695
89.670
90.025
89.509
89.759
89.526
89.807
89.485
90.539
90.269
90.383
88.503
88.763
89.174
88.708
87.443
86.836
85.719
84.803
84.289
83.857
83.036
82.651
83.292
82.318
83.654
83.202
82.823
82.264
81.506
80.972
81.307
81.090
81.090
80.270
80.192
79.764
80.710
80.070
80.038
80.308
79.384
79.498
80.463
80.244
80.000
79.789
78.808
79.340
79.745
79.095
79.020
78.493
78.247
78.450
77.658
76.994
76.705
76.505
76.435
76.817
76.693
75.838
76.905
75.878
75.569
75.620
74.991
74.239
75.171
74.327
73.899
74.405
71.602
73.573
73.481
74.800
75.030
77.178
75.907
76.888
76.330
75.763
79.108
78.364
77.190
74.471
72.722
74.951
72.333
76.811
74.644
72.005
68.766
68.681
69.175
67.218
66.658
65.933
66.921
65.159
66.353
65.656
65.859
64.425
64.000
62.846
63.955
63.008
62.838
63.211
62.512
62.727
62.952
62.672
63.187
62.610
63.379
62.806
62.340
61.069
61.535
61.546
61.897
60.787
59.880
60.994
61.320
61.312
61.102
61.797
61.797
61.229
60.798
60.335
59.613
60.643
61.080
60.905
62.570
61.835
63.577
61.920
60.085
59.270
60.035
58.952
57.013
59.011
56.440
56.379
56.507
56.205
56.095
58.931
60.114
61.226
60.205
60.606
59.623
59.620
59.312
61.380
62.438
61.497
60.846
60.694
60.573
59.995
60.245
60.824
60.085
61.728
60.078
60.219
59.637
60.078
59.780
59.734
60.533
61.592
62.555
62.480
63.873
62.574
63.472
61.759
63.080
61.637
63.016
62.274
61.763
64.662
63.621
63.739
60.540
60.827
59.801
59.361
58.309
56.010
57.790
57.830
57.465
58.377
58.824
58.654
65.261
66.103
64.098
66.199
64.197
58.360
56.319
57.670
54.828
56.536
56.221
56.373
57.359
57.857
56.744
58.340
59.326
60.540
57.968
61.406
59.859
61.282
62.352
64.842
66.076
65.894
67.926
68.120
67.650
67.354
69.004
71.352
69.310
64.475
62.267
62.625
65.488
65.776
67.764
68.989
67.431
69.242
67.213
70.171
73.844
73.915
72.817
68.526
70.235
71.808
74.250
77.453
76.377
77.869
78.983
80.379
83.829
87.635
89.286
87.116
87.474
89.920
89.469
89.839
92.447
90.893
87.596
85.543
89.904
91.886
92.174
99.354
90.457
93.171
97.003
104.341
110.828
112.435
106.474
116.959
117.481
117.911
113.960
108.143
116.686
133.476
142.025
146.671
152.300
138.947
155.231
120.120
121.758
114.364
121.847
121.168
93.041
94.429
92.056
