10.725
10.662
10.602
10.643
10.695
10.609
10.735
10.747
10.694
10.610
10.650
10.732
10.756
10.800
10.807
10.823
10.731
10.743
10.693
10.680
10.723
10.646
10.640
10.720
10.721
10.715
10.613
10.638
10.661
10.569
10.457
10.441
10.458
10.445
10.463
10.434
10.385
10.442
10.398
10.364
10.387
10.322
10.205
10.120
10.149
10.171
10.156
10.167
10.200
10.129
10.121
9.9831
10.022
9.9889
10.027
10.078
10.105
10.007
10.023
9.9864
9.9997
10.067
10.010
9.9765
10.007
10.003
9.8441
9.8350
9.8598
9.8962
9.8523
9.9368
10.069
10.084
9.9873
9.9922
9.9765
9.9029
9.9840
9.8836
9.8493
9.7843
9.7213
9.7272
9.8107
9.8021
9.9030
9.8997
9.9758
9.9817
10.037
10.030
10.025
10.033
10.048
10.087
10.019
9.9738
9.9594
9.8934
9.8740
9.9140
9.9102
9.8915
9.9406
9.9644
9.9484
9.8633
9.8801
10.028
10.150
10.145
10.100
10.076
10.051
10.050
9.9641
9.9362
9.9635
9.8868
9.9010
9.8214
9.8314
9.8914
9.8869
9.8047
9.7366
9.7144
9.7426
9.7626
9.7444
9.6562
9.6602
9.6675
9.7598
9.8269
9.7748
9.7233
9.7139
9.6900
9.7067
9.7230
9.6582
9.6704
9.6706
9.7159
9.6646
9.7219
9.7518
9.8086
9.8124
9.7200
9.7097
9.6957
9.7341
9.6485
9.5629
9.4946
9.4910
9.5092
9.4577
9.4677
9.4322
9.4391
9.4524
9.4404
9.5472
9.4590
9.5169
9.5213
9.5063
9.4775
9.5283
9.5098
9.4897
9.4519
9.5087
9.5183
9.4583
9.5030
9.5182
9.6318
9.6296
9.7057
9.6880
9.6745
9.6690
9.6525
9.5884
9.5492
9.5776
9.5693
9.6192
9.5438
9.5204
9.5438
9.5834
9.7512
9.7524
9.7560
9.7427
9.7346
9.7556
9.7734
9.7144
9.7711
9.7416
9.7854
9.7413
9.7326
9.9008
9.8943
9.9127
9.8792
9.8116
9.7391
9.7681
9.7471
9.7262
9.7221
9.6519
9.6462
9.6235
9.6444
9.6378
9.5665
9.5752
9.5805
9.5451
9.5489
9.6032
9.5825
9.5590
9.6242
9.5682
9.5314
9.5493
9.6098
9.5838
9.6617
9.6595
9.5810
9.5878
9.5932
9.5938
9.5976
9.6152
9.6675
9.6974
9.7828
9.7696
9.7482
9.6921
9.6797
9.6157
9.6495
9.6928
9.6432
9.7095
9.7038
9.6757
9.7973
9.8238
9.8617
9.7590
9.6840
9.6973
9.7146
9.7052
9.8188
9.8926
9.8924
9.8779
9.9149
9.9599
9.9673
9.9566
10.050
10.135
10.118
10.094
10.171
10.213
10.165
10.229
10.180
10.341
10.258
10.272
10.313
10.239
10.232
10.231
10.295
10.310
10.238
10.265
10.242
10.307
10.318
10.215
10.279
10.378
10.296
10.252
10.210
10.150
10.077
10.066
10.056
10.087
10.117
10.075
10.041
10.104
10.062
10.004
10.053
10.052
10.055
10.023
10.164
10.222
10.224
10.228
10.182
10.214
10.189
10.179
10.166
10.147
10.127
10.029
10.026
9.9886
10.104
10.130
10.086
10.092
10.054
10.165
10.094
10.175
10.172
10.201
10.195
10.206
10.240
10.236
10.273
10.248
10.189
10.147
10.181
10.219
10.262
10.209
10.290
10.206
10.211
10.229
10.179
10.202
10.198
10.201
10.220
10.193
10.202
10.182
10.163
10.109
10.104
10.112
10.099
10.076
10.109
10.067
10.064
10.042
10.047
10.087
10.150
10.113
10.042
10.022
10.038
10.006
10.026
10.067
10.025
10.054
10.009
9.9557
9.9191
9.9277
9.9180
9.9164
9.8991
9.9042
9.9186
9.9360
9.9714
9.9181
9.9105
9.9407
9.9907
10.006
10.013
10.003
10.042
10.052
10.044
10.010
10.043
10.049
10.066
10.116
10.093
10.088
10.065
10.078
10.055
10.111
10.085
10.134
10.183
10.269
10.286
10.307
10.303
10.340
10.378
10.417
10.427
10.384
10.403
10.387
10.324
10.371
10.381
10.314
10.258
10.240
10.291
10.318
10.301
10.311
10.292
10.293
10.279
10.357
10.326
10.234
10.211
10.166
10.160
10.139
10.120
10.054
10.083
10.090
10.035
10.041
10.073
10.056
10.142
10.108
10.084
10.031
10.045
10.085
10.070
10.101
10.098
10.031
10.047
10.062
10.065
10.077
10.050
10.113
10.148
10.188
10.157
10.167
10.177
10.177
10.147
10.169
10.203
10.242
10.226
10.240
10.196
10.139
10.141
10.166
10.179
10.187
10.198
10.234
10.201
10.242
10.308
10.291
10.287
10.280
10.315
10.299
10.264
10.321
10.317
10.317
10.295
10.337
10.327
10.324
10.329
10.385
10.365
10.404
10.449
10.478
10.472
10.483
10.495
10.501
10.472
10.493
10.531
10.504
10.523
10.481
10.468
10.487
10.447
10.488
10.434
10.413
10.407
10.352
10.406
10.406
10.427
10.367
10.335
10.307
10.298
10.323
10.290
10.286
10.284
10.334
10.262
10.287
10.274
10.315
10.340
10.318
10.302
10.218
10.234
10.200
10.146
10.168
10.152
10.229
10.209
10.228
10.206
10.243
10.256
10.251
10.238
10.255
10.281
10.333
10.329
10.342
10.364
10.334
10.354
10.360
10.401
10.433
10.432
10.429
10.414
10.422
10.452
10.454
10.451
10.461
10.387
10.381
10.323
10.336
10.379
10.343
10.346
10.363
10.447
10.442
10.448
10.385
10.338
10.349
10.296
10.222
10.193
10.218
10.224
10.253
10.254
10.298
10.301
10.326
10.325
10.289
10.263
10.340
10.284
10.252
10.258
10.304
10.326
10.375
10.400
10.443
10.437
10.417
10.439
10.431
10.500
10.542
10.541
10.599
10.595
10.616
10.656
10.642
10.682
10.632
10.654
10.590
10.610
10.575
10.551
10.625
10.657
10.647
10.709
10.638
10.671
10.740
10.727
10.636
10.697
10.662
10.706
10.784
10.756
10.763
10.781
10.749
10.795
10.800
10.841
10.956
10.883
10.881
10.806
10.858
10.915
10.866
10.879
10.885
10.973
10.978
10.995
10.967
10.980
10.983
10.904
10.880
10.923
10.856
10.906
10.875
10.783
10.844
10.884
10.828
10.825
10.820
10.695
10.632
10.646
10.611
10.574
10.597
10.578
10.622
10.731
10.752
10.712
10.729
10.710
10.702
10.682
10.660
10.662
10.742
10.801
10.780
10.698
10.648
10.626
10.479
10.492
10.539
10.599
10.602
10.619
10.628
10.650
10.679
10.703
10.659
10.551
10.503
10.476
10.426
10.447
10.444
10.501
10.516
10.539
10.482
10.552
10.469
10.523
10.604
10.597
10.646
10.744
10.756
10.786
10.800
10.805
10.801
10.885
10.963
10.895
10.923
10.990
11.044
11.031
11.169
11.167
11.083
10.875
10.968
11.047
11.066
11.076
11.087
10.980
10.971
10.892
11.030
10.987
10.987
11.010
11.099
11.093
11.106
11.067
11.136
11.084
11.035
11.128
11.135
11.130
11.033
10.932
10.941
10.876
10.858
10.801
10.803
10.849
10.781
10.750
10.807
10.782
10.813
10.811
10.823
10.831
10.865
10.905
10.963
10.938
10.927
10.932
10.950
10.872
10.789
10.765
10.760
10.798
10.731
10.699
10.797
10.927
10.752
10.733
10.649
10.584
10.667
10.666
10.662
10.647
10.739
10.669
10.695
10.709
10.800
10.806
10.805
10.815
10.831
10.882
10.748
10.750
10.747
10.775
10.748
10.821
10.847
10.906
10.821
10.811
10.781
10.831
10.859
10.750
10.705
10.727
10.765
10.720
10.642
10.665
10.656
10.665
10.617
10.599
10.615
10.339
10.294
10.231
10.219
10.226
10.118
10.103
10.076
10.099
10.139
10.118
10.112
9.9923
10.097
10.084
10.071
9.9797
9.9285
9.8826
9.9047
9.7481
9.7271
9.6718
9.6382
9.5399
9.6282
9.6864
9.7715
9.7249
9.9107
9.7303
9.9520
10.037
10.024
10.021
10.026
9.8269
9.7954
9.6434
9.5215
9.4742
9.3297
9.2928
9.3606
9.3318
9.2822
9.3097
9.4050
9.3086
9.2249
9.1603
9.1685
9.0096
8.7770
8.7561
8.6198
8.5380
8.5665
8.7436
8.9133
8.7252
8.7678
8.7638
8.7879
8.7155
8.7066
8.8002
8.7000
8.5574
8.5546
8.6497
8.6429
8.6400
8.6271
8.5718
8.6086
8.7219
8.7448
8.8329
8.8081
8.6988
8.6804
8.7444
8.6884
8.6847
8.7150
8.8436
8.8242
8.8708
9.0540
9.1282
9.2544
9.3729
9.6103
9.9820
9.5440
9.5708
9.5728
9.5790
9.7788
9.6364
9.4956
9.4608
9.2781
9.1138
9.2908
9.3068
9.3538
9.1575
9.0634
9.0040
8.9453
9.0732
9.0111
8.8422
8.8276
8.8773
8.7492
8.8826
9.0084
9.0672
8.9653
8.7636
8.7389
8.7891
8.7598
8.7708
8.7453
8.8894
8.8598
8.8409
8.7703
8.7626
8.7236
8.6410
8.6131
8.6844
8.6087
8.7487
8.7264
8.7485
8.7429
8.6482
8.6230
8.6303
8.5915
8.5885
8.6581
8.5945
8.7451
8.7461
8.7414
8.8244
8.9183
8.8487
8.9740
9.3352
9.2509
9.2623
9.2247
9.2176
9.2191
9.0838
9.0893
9.0942
9.0527
9.1533
9.1757
9.2242
9.0622
9.0446
9.0717
9.0702
9.0001
9.0163
8.9220
8.8604
8.8354
8.8428
8.9130
9.0339
8.9610
8.8692
9.0547
9.0575
9.0221
9.1407
9.0877
9.1160
9.1583
9.2615
9.3340
9.2942
9.2567
9.2271
9.2124
9.2896
9.3434
9.3983
9.5334
9.5601
9.5000
9.4917
9.4610
9.6263
9.7073
9.7261
9.7044
9.6313
9.6871
9.4803
9.5415
9.6365
9.5475
9.5701
9.4684
9.4926
9.4630
9.5139
9.5242
9.4728
9.5537
9.5857
9.5276
9.6329
9.6070
9.6545
9.6319
9.5974
9.5714
9.4979
9.5788
9.4984
9.5575
9.4983
9.5487
9.5599
9.6250
9.6526
9.6259
9.7118
9.7153
9.6933
9.7198
9.7185
9.7472
9.7197
9.6350
9.6014
9.6592
9.7701
9.8246
9.8433
9.8164
9.8084
9.7062
9.6825
9.6853
9.7674
9.7688
9.6203
9.6365
9.6443
9.7305
9.7891
9.7845
9.7859
9.7480
9.7479
9.8108
9.7486
9.7770
9.7137
9.7915
9.7409
9.7860
9.8814
9.9168
9.9334
9.9662
9.9436
9.9777
10.014
10.043
10.040
10.009
10.090
10.091
10.082
10.017
10.002
9.9341
9.9958
9.9248
9.9234
9.9773
10.049
10.030
10.077
10.067
10.074
10.146
10.158
10.150
10.150
10.184
10.220
10.187
10.243
10.256
10.254
10.158
10.095
10.097
10.104
10.086
10.008
10.077
10.150
10.146
10.229
10.217
10.264
10.186
10.149
10.216
10.154
10.211
10.149
10.115
10.223
10.222
10.297
10.288
10.186
10.256
10.289
10.300
10.322
10.286
10.098
10.086
10.083
10.055
10.075
10.001
9.9286
9.9416
9.7943
9.7893
9.8105
9.7498
9.7482
9.8310
9.8386
9.8569
9.7861
9.8350
9.8238
9.8598
9.7973
9.7663
9.7449
9.9174
9.8863
9.9419
9.8900
9.8130
9.8097
9.7488
9.6481
9.6012
9.6498
9.6607
9.6157
9.6067
9.5570
9.5343
9.4990
9.5147
9.5463
9.4532
9.3470
9.3355
9.3935
9.3847
9.3757
9.2737
9.2977
9.3264
9.3790
9.2703
9.2375
9.3017
9.2686
9.2485
9.2087
9.2629
9.2326
9.2485
9.3111
9.3303
9.2718
9.3269
9.2544
9.2900
9.3231
9.3953
9.3550
9.3672
9.3898
9.3245
9.2486
9.1961
9.2285
9.1054
9.1183
9.1161
9.1958
9.2025
9.2006
9.1937
9.1438
9.1054
9.0739
9.1331
9.2727
9.2712
9.2932
9.2451
9.2383
9.1698
9.2047
9.1304
9.1056
9.0881
9.0937
9.0715
9.0401
9.0484
9.0878
9.0352
8.9352
8.8223
8.6882
8.7000
8.8533
8.6715
8.6611
8.5943
8.5280
8.4315
8.4851
8.3772
8.4215
8.5326
8.4400
8.3495
8.4059
8.3720
8.4599
8.4031
8.3021
8.3448
8.3768
8.2355
8.1706
8.1558
8.2005
8.2277
8.2855
8.3689
8.3760
8.3880
8.4428
8.4454
8.4229
8.3521
8.3595
8.3378
8.3476
8.3864
8.2918
8.3215
8.3596
8.4964
8.4908
8.5287
8.5169
8.5785
8.5597
8.5126
8.5117
8.6056
8.6955
8.8075
8.7823
8.7058
8.6860
8.7123
8.7446
8.7666
8.8345
8.8060
8.8557
8.8265
8.8559
8.9546
8.9434
8.9281
8.9179
8.9684
8.8937
8.8183
8.6781
8.6978
8.7281
8.7346
8.7477
8.7159
8.6310
8.6391
8.5719
8.5751
8.6310
8.6426
8.6398
8.6318
8.7187
8.7270
8.7320
8.7381
8.6550
8.6267
8.6248
8.6138
8.6558
8.6690
8.7574
8.7947
8.7809
8.7783
8.8008
8.9644
8.9369
8.9966
9.0192
9.0055
9.1014
9.1321
9.1843
9.1703
9.2205
9.2713
9.3298
9.2548
9.2922
9.2313
9.3018
9.3783
9.3568
9.2326
9.2089
9.2202
9.3212
9.2787
9.3420
9.2691
9.2212
9.2667
9.2437
9.3325
9.3608
9.3559
9.4915
9.3752
9.2939
9.2651
9.1346
9.0772
9.1000
9.0530
9.0355
8.9548
9.0529
9.0789
9.0638
8.9680
8.8762
8.8595
8.8178
8.7560
8.6658
8.7390
8.7629
8.8262
8.8291
8.8792
8.7934
8.7939
8.8147
8.8451
8.9411
8.8917
8.8209
8.8252
8.7750
8.7598
8.7144
8.6785
8.6807
8.7102
8.7414
8.6976
8.7659
8.8220
8.7959
8.8697
8.7457
8.6748
8.5906
8.5646
8.5716
8.5671
8.7174
8.7970
8.7759
8.8020
8.8902
8.8719
8.9013
8.9315
8.9498
9.0062
9.0279
9.0431
9.0299
9.0604
9.0890
9.0511
8.9760
8.9247
8.9786
8.9930
8.9605
8.9164
8.8662
8.9020
8.8963
8.9225
8.9529
8.9760
8.9929
9.0272
9.0551
9.0513
9.0912
9.0816
9.0760
9.0995
9.1673
9.1975
9.1292
9.1539
9.0845
9.0551
9.1603
9.1255
9.1676
9.2076
9.2823
9.3184
9.3039
9.2633
9.2634
9.2594
9.2089
9.2280
9.2381
9.3036
9.2592
9.3094
9.2654
9.3579
9.3442
9.4115
9.4374
9.4638
9.4687
9.4075
9.4389
9.3199
9.3399
9.4716
9.4708
9.5418
9.5508
9.6161
9.6456
9.6218
9.6024
9.6636
9.6198
9.4158
9.3496
9.3218
9.3220
9.1978
9.2794
9.2053
9.2195
9.2542
9.2784
9.2429
9.1186
9.1543
9.1357
9.1972
9.2621
9.2528
9.3199
9.3336
9.3741
9.3876
9.4499
9.4963
9.4597
9.4639
9.3872
9.3056
9.3609
9.2644
9.1211
9.2363
9.2216
9.2926
9.3054
9.1920
9.2059
9.2038
9.2272
9.3235
9.3416
9.3663
9.3714
9.3528
9.2592
9.2118
9.2072
9.0903
9.0300
9.1026
9.1788
9.1426
9.0853
9.1539
9.1762
9.1817
9.2777
9.2679
9.3237
9.3080
9.1874
9.1793
9.2746
9.1228
9.2008
9.1621
9.1164
9.1552
9.1745
9.2150
9.0437
9.1129
9.1440
9.1657
9.2466
9.1785
9.2006
9.2232
9.2513
9.2205
9.2169
9.1988
9.2442
9.1892
9.2133
9.1138
9.0977
9.0202
9.0100
8.9760
8.9629
8.8266
8.7443
8.7316
8.7818
8.8136
8.7836
8.7125
8.7529
8.6991
8.6040
8.5803
8.6418
8.6878
8.7154
8.7103
8.6207
8.4973
8.3858
8.5037
8.4650
8.5413
8.6297
8.6758
8.7534
8.7580
8.8178
8.7746
8.7262
8.8203
8.8147
8.8120
8.8343
8.8528
8.8492
8.9284
9.0058
8.9000
8.6613
8.7785
8.7544
8.7321
8.7275
8.7506
8.6323
8.6430
8.6571
8.6813
8.5842
8.5636
8.5669
8.6273
8.5613
8.6022
8.5121
8.5159
8.4307
8.5215
8.4778
8.5567
8.5890
8.5702
8.5310
8.4847
8.4905
8.5313
8.4820
8.4284
8.3877
8.2659
8.2587
8.2698
8.2558
8.2914
8.2734
8.2705
8.2742
8.2631
8.2607
8.1461
8.1588
8.1529
8.1941
8.1528
8.0980
8.0689
8.0371
8.0858
8.0304
8.0467
8.0648
8.0024
8.0814
8.0985
8.1545
8.1732
8.2179
8.2062
8.1713
8.2906
8.2995
8.2837
8.3121
8.3088
8.2572
8.3042
8.2329
8.2763
8.3614
8.3717
8.3013
8.3386
8.2900
8.2412
8.1816
8.2864
8.3511
8.3258
8.3320
8.3787
8.4470
8.4366
8.4766
8.4608
8.3859
8.3237
8.3392
8.3024
8.2855
8.3664
8.3231
8.3013
8.2663
8.2719
8.2682
8.2926
8.3092
8.3395
8.3553
8.3039
8.3450
8.3699
8.3974
8.3967
8.3652
8.4089
8.3836
8.3781
8.2764
8.2398
8.2760
8.2741
8.2961
8.2869
8.2250
8.2758
8.2468
8.2492
8.3150
8.2786
8.2979
8.3269
8.3069
8.3200
8.2976
8.2397
8.2473
8.2812
8.1984
8.1969
8.1726
8.1840
8.1681
8.1325
8.1156
8.0527
8.0216
8.0465
8.0604
8.0643
8.0132
7.9542
7.9470
7.9560
7.9301
7.8920
7.8989
7.8486
7.9149
7.9153
7.9453
8.0152
7.9486
7.9604
7.9594
7.9600
7.9411
8.0258
8.0232
8.0203
8.0809
8.0643
7.9809
7.9465
7.9387
7.9330
7.8959
8.0011
7.9948
7.9883
7.9727
7.8992
7.8786
7.8336
7.8215
7.7828
7.7619
7.7849
7.7687
7.8282
7.7937
7.8317
7.7775
7.7303
7.7199
7.7518
7.8283
7.8591
7.8123
7.8147
7.8322
7.8612
7.8031
7.8904
7.9175
7.8473
7.8226
7.7989
7.8509
7.8545
7.8104
7.8172
7.8445
7.8235
7.9015
7.9067
7.9760
7.9492
7.9666
7.9719
7.9696
7.9649
8.0062
7.9686
7.9843
7.9860
8.0177
8.0604
8.0970
8.1016
8.1592
8.1733
8.2696
8.2745
8.2496
8.2040
8.1668
8.1895
8.1491
8.1566
8.0961
8.1150
8.1261
8.0926
8.1779
8.1707
8.2090
8.2226
8.1498
8.1465
8.1210
8.1086
8.1267
8.1318
8.1728
8.2059
8.2006
8.1514
8.1705
8.1308
8.0858
8.1102
8.0661
8.0530
8.0884
8.1041
8.0970
8.0205
7.9820
8.0166
7.9770
7.9698
7.9277
7.9333
7.9116
7.9222
7.9520
7.9471
7.9569
7.9837
7.9800
8.0349
8.0406
8.0707
8.0647
8.0260
8.0917
8.0899
8.1328
8.1506
8.1395
8.1439
8.0358
8.0684
8.1157
8.1480
8.1849
8.1704
8.2105
8.2079
8.2902
8.2554
8.2311
8.2394
8.2740
8.2172
8.2207
8.2663
8.1703
8.1073
8.1230
8.1462
8.1288
8.1630
8.2523
8.2985
8.2837
8.2552
8.3165
8.2879
8.2892
8.2840
8.2891
8.3069
8.3790
8.3717
8.3659
8.4239
8.4267
8.4965
8.4482
8.4341
8.4238
8.4420
8.3392
8.3458
8.3771
8.4014
8.3062
8.3044
8.3391
8.3356
8.3401
8.2274
8.2289
8.2982
8.1481
8.1563
8.1720
8.0908
8.0979
8.1065
8.1066
8.0926
8.1413
8.0803
8.1141
8.0667
8.0415
8.1354
8.0399
8.0457
8.0473
8.0273
8.0433
8.0368
7.9899
7.9340
7.9600
7.9379
7.9639
7.9484
8.0272
8.0786
8.0879
8.1053
8.1288
8.0819
8.0931
8.1178
8.1041
8.0632
8.1021
8.0592
8.0267
8.0352
8.0650
8.0139
8.0842
8.0597
8.1204
8.0725
8.0826
8.0658
8.0665
8.0572
7.9782
7.9742
7.9715
7.9050
7.9263
7.9040
7.8903
7.8955
7.9232
7.9055
7.9341
7.9201
7.9200
7.9384
7.9428
7.9789
7.9761
8.0237
8.0071
8.0493
8.1328
8.1017
8.1410
8.1434
8.1680
8.1558
8.1688
8.1963
8.2139
8.0892
8.0832
8.0415
8.0707
8.0065
8.0132
8.0280
7.9952
7.9833
7.9449
7.9537
7.9006
7.8818
7.8811
7.8601
7.9982
8.0005
7.9865
8.0479
8.0595
8.0408
8.0548
8.0856
8.0891
8.1264
8.0992
8.1305
8.1377
8.1451
8.1361
8.1142
8.0926
8.1195
8.1295
8.1416
8.1771
8.1870
8.1301
8.1348
8.1041
8.1285
8.1574
8.1704
8.2021
8.1956
8.1550
8.1759
8.1803
8.1651
8.1686
8.1214
8.0979
8.0822
8.0621
8.0608
8.0778
8.0269
8.0760
8.1029
8.1187
8.1308
8.1349
8.1748
8.1759
8.1730
8.2887
8.2712
8.2650
8.2520
8.2650
8.2622
8.2827
8.2645
8.2972
8.2728
8.3205
8.3192
8.3055
8.3133
8.2709
8.2773
8.3004
8.2830
8.2334
8.2725
8.3299
8.3431
8.3309
8.3320
8.3693
8.3998
8.3814
8.3888
8.3855
8.3831
8.3109
8.2381
8.2411
8.2281
8.2346
8.1420
8.1822
8.1587
8.1825
8.1735
8.1847
8.2005
8.2328
8.2274
8.2434
8.2082
8.2385
8.2344
8.2530
8.2839
8.2809
8.2956
8.2479
8.2717
8.2789
8.2811
8.3103
8.3330
8.3486
8.3565
8.3675
8.3367
8.3651
8.3477
8.3483
8.3011
8.2889
8.3151
8.3081
8.3841
8.3555
8.3491
8.2642
8.2569
8.2327
8.2554
8.2249
8.2404
8.2230
8.2531
8.2587
8.2263
8.2360
8.2180
8.2111
8.1842
8.2107
8.2528
8.2810
8.2593
8.2589
8.2402
8.2302
8.1923
8.1798
8.1963
8.2073
8.1770
8.2310
8.2652
8.2879
8.2289
8.2924
8.3162
8.3071
8.3323
8.3517
8.3394
8.3495
8.3751
8.4220
8.4073
8.3688
8.4882
8.4589
8.4564
8.4158
8.4128
8.5109
8.5232
8.5040
8.5344
8.5566
8.5385
8.5895
8.6083
8.6212
8.5718
8.5792
8.5320
8.5525
8.5631
8.5445
8.5474
8.5754
8.5592
8.5568
8.5537
8.5109
8.5266
8.5353
8.5523
8.6163
8.6151
8.5997
8.5868
8.6124
8.6149
8.6175
8.6270
8.6381
8.6520
8.6689
8.6520
8.6716
8.6772
8.6645
8.6829
8.6833
8.6891
8.5821
8.5851
8.5375
8.5453
8.5090
8.5379
8.5545
8.5470
8.5253
8.5224
8.5020
8.5071
8.5228
8.5122
8.4925
8.5025
8.5043
8.5337
8.5180
8.4839
8.5271
8.4932
8.4329
8.4376
8.4127
8.4018
8.4248
8.4491
8.4506
8.4881
8.4600
8.4643
8.4852
8.4884
8.4696
8.4689
8.4722
8.4883
8.4816
8.4769
8.4314
8.4325
8.4280
8.4343
8.4401
8.4353
8.4566
8.4448
8.3976
8.3920
8.3971
8.3956
8.3655
8.3475
8.3464
8.3272
8.3110
8.2996
8.2710
8.2621
8.2774
8.2939
8.2578
8.2245
8.2359
8.2446
8.2387
8.2170
8.2216
8.2287
8.2372
8.2267
8.2022
8.1562
8.1613
8.1624
8.1242
8.1265
8.0952
8.0934
8.1018
8.0679
8.0630
8.0772
7.9896
7.9515
7.9517
7.9177
7.9252
7.9245
7.9312
7.9317
7.9578
7.9546
7.9056
7.8923
7.8880
7.9140
7.8716
7.8016
7.7991
7.8143
7.7262
7.7382
7.7557
7.7445
7.7149
7.7406
7.7624
7.8269
7.7484
7.7684
7.7466
7.7601
7.8071
7.8546
7.8210
7.8147
7.7672
7.7542
7.7426
7.7547
7.7935
7.7842
7.7032
7.6559
7.6447
7.6538
7.6310
7.6521
7.5876
7.6413
7.6077
7.6382
7.6319
7.6230
7.6523
7.6605
7.6710
7.6824
7.6113
7.6212
7.6250
7.6578
7.6610
7.6673
7.6742
7.6413
7.5752
7.5777
7.6055
7.5666
7.6549
7.6526
7.6916
7.7049
7.6960
7.7624
7.7143
7.6364
7.6400
7.6271
7.6034
7.5969
7.5920
7.5442
7.5358
7.4759
7.4111
7.4022
7.3512
7.3152
7.3321
7.3194
7.3028
7.2968
7.2509
7.1926
7.2188
7.1948
7.2017
7.2144
6.9750
7.0324
7.0603
7.0869
7.0672
7.0639
7.0771
7.1180
7.1526
7.1307
7.1535
7.0428
7.0512
7.0630
7.0730
7.1011
7.1292
7.1403
7.1133
7.1229
7.0642
7.0686
7.0842
7.1025
7.0831
7.0485
7.0456
7.0043
6.9734
6.9382
6.8651
6.8034
6.7236
6.6245
6.6458
6.6172
6.6113
6.6468
6.5982
6.6140
6.6864
6.7812
6.7981
6.8244
6.8174
6.7478
6.7324
6.6710
6.6662
6.7105
6.7241
6.7377
6.6863
6.5626
6.5552
6.5633
6.5644
6.6377
6.7013
6.6543
6.6358
6.6543
6.6764
6.7053
6.7311
6.7806
6.8211
6.9568
6.9245
6.8950
6.9630
7.0129
6.9639
6.9194
6.9822
6.9622
7.0812
7.0278
7.0661
6.9384
6.8974
6.8980
6.9194
6.8098
6.7785
6.7338
6.7568
6.7994
6.7807
6.8358
6.9026
7.0177
6.9596
6.9278
6.9810
7.0008
6.9707
6.9655
6.9653
6.9651
7.0010
7.0786
7.0160
7.0446
6.9539
6.9619
6.9580
6.9553
6.9121
6.9366
6.8838
6.8659
6.8856
6.8337
6.7909
6.8449
6.8632
6.9452
6.8597
6.8478
6.8357
6.7496
6.7615
6.7378
6.7479
6.7695
6.8299
6.7918
6.8668
6.8459
6.8486
6.8027
6.8102
6.8002
6.8143
6.7580
6.7593
6.7940
6.8058
6.9923
7.1234
7.1078
7.1396
7.0983
7.0720
7.0614
7.1449
7.2064
7.3636
7.3786
7.3079
7.2281
7.1998
7.1579
7.1514
7.1537
7.1370
7.0792
7.0954
7.1075
7.1047
7.1329
7.1832
7.2008
7.2107
7.1531
7.2016
7.2674
7.1643
7.1129
7.1165
7.1743
7.1082
7.1099
7.1316
7.1206
7.0901
7.0945
7.1417
7.1358
7.1621
7.1507
7.2094
7.1917
7.2123
7.2435
7.2583
7.2159
7.2082
7.2201
7.2088
7.1929
7.0390
6.9943
7.0265
7.0484
6.9460
6.9703
6.9914
6.9545
6.9291
6.9065
6.9035
6.8569
6.8121
6.8235
6.8330
6.8607
6.8330
6.8045
6.8054
6.8244
6.8239
6.7926
6.8048
6.7611
6.7805
6.7650
6.7689
6.7808
6.7903
6.8273
6.9802
6.9266
6.9795
7.0325
7.0416
7.0716
7.0929
7.1017
7.0726
7.0330
7.0274
7.0457
7.0933
7.0709
7.0880
7.1114
7.1065
7.0910
7.0608
7.1208
7.0074
7.0388
7.1672
7.1577
7.1554
7.1276
7.1121
7.1809
7.1888
7.1658
7.1496
7.1768
7.1666
7.1104
7.1156
7.1314
7.1621
7.1705
7.1810
7.1605
7.1847
7.1916
7.3691
7.3624
7.2995
7.3924
7.4007
7.4592
7.4114
7.2606
7.2741
7.2685
7.2242
7.2378
7.1909
7.1814
7.1794
7.2026
7.1954
7.1351
7.1230
7.1125
7.1298
7.1480
7.1381
7.1744
7.1466
7.0787
7.2119
7.2230
7.2336
7.2180
7.3317
7.3037
7.3028
7.2791
7.2648
7.2662
7.2873
7.3366
7.3514
7.3903
7.3696
7.3595
7.3550
7.3535
7.3570
7.3709
7.3632
7.3172
7.2970
7.3072
7.3241
7.3372
7.3578
7.3525
7.3159
7.3145
7.3345
7.3411
7.3562
7.3943
7.4418
7.5013
7.4789
7.4410
7.4300
7.4207
7.4130
7.4212
7.4242
7.4001
7.3865
7.3867
7.3714
7.3318
7.3456
7.3507
7.3226
7.3136
7.3237
7.3281
7.3314
7.3363
7.3498
7.3639
7.3468
7.4520
7.4579
7.4727
7.4405
7.4143
7.4212
7.4015
7.3905
7.3593
7.4171
7.4562
7.4466
7.4227
7.4935
7.3301
7.3108
7.3606
7.3680
7.3755
7.4111
7.4229
7.4379
7.4018
7.4044
7.4011
7.3926
7.4148
7.4077
7.4577
7.4355
7.4089
7.3875
7.3501
7.3505
7.3500
7.3356
7.3357
7.3311
7.3838
7.3908
7.4136
7.4233
7.4234
7.3961
7.4110
7.3848
7.3798
7.4169
7.4031
7.4173
7.4203
7.4772
7.4825
7.5066
7.5341
7.5195
7.5301
7.5013
7.5146
7.5318
7.4608
7.4565
7.4311
7.4452
7.4755
7.4496
7.4525
7.4876
7.5255
7.5276
7.4995
7.5138
7.4894
7.5102
7.4915
7.4469
7.4604
7.4384
7.4949
7.4797
7.5105
7.4826
7.4911
7.4820
7.4463
7.4962
7.4462
7.4829
7.4605
7.4322
7.4850
7.4440
7.4029
7.4261
7.4000
7.4075
7.4060
7.3963
7.3980
7.3625
7.3775
7.3685
7.3954
7.4082
7.4053
7.4156
7.4631
7.4983
7.4832
7.4955
7.4941
7.4919
7.4771
7.4065
7.4198
7.3759
7.3816
7.3620
7.3621
7.3156
7.3293
7.3100
7.3157
7.2988
7.3295
7.3150
7.2972
7.3205
7.3176
7.3310
7.3662
7.3861
7.3836
7.4041
7.2931
7.3225
7.3233
7.3499
7.2262
7.2635
7.2467
7.2104
7.2369
7.2560
7.2555
7.2619
7.2384
7.2706
7.3202
7.2690
7.2285
7.2382
7.2311
7.3253
7.2958
7.3176
7.2826
7.3621
7.3564
7.3107
7.3235
7.2931
7.3241
7.3125
7.3436
7.3721
7.3935
7.3634
7.3654
7.3103
7.3970
7.4270
7.4377
7.3776
7.3500
7.3487
7.3295
7.3413
7.3120
7.3062
7.2902
7.2521
7.3028
7.3134
7.3011
7.2545
7.2311
7.2693
7.2873
7.2756
7.2780
7.2472
7.2399
7.2872
7.3050
7.2976
7.2953
7.2912
7.3336
7.3717
7.3511
7.3438
7.4004
7.4141
7.4268
7.4418
7.4433
7.4268
7.4406
7.4895
7.4767
7.4063
7.3973
7.3642
7.3423
7.3371
7.3638
7.3577
7.3318
7.3022
7.3256
7.3090
7.3227
7.3524
7.3852
7.3965
7.3666
7.4691
7.4976
7.5061
7.5024
7.5367
7.5263
7.5267
7.5350
7.5655
7.5513
7.5201
7.5116
7.4957
7.5047
7.5629
7.6185
7.6552
7.6698
7.7015
7.7457
7.7277
7.7119
7.7018
7.6782
7.6714
7.6597
7.6449
7.6389
7.6507
7.6553
7.6491
7.6253
7.6332
7.5962
7.6284
7.6245
7.6147
7.5985
7.6089
7.6342
7.6159
7.6091
7.6323
7.6413
7.6541
7.6853
7.7348
7.7412
7.7385
7.7253
7.7220
7.7060
7.7443
7.7590
7.7484
7.7577
7.7716
7.7443
7.7419
7.7591
7.8001
7.7889
7.7760
7.8798
7.8622
7.8949
7.8646
7.8811
7.9087
7.8896
7.9371
7.9559
7.9726
7.9757
7.9281
7.9163
7.8316
7.8068
7.8414
7.8713
7.8488
7.8393
7.8110
7.8332
7.8462
7.8430
7.8584
7.8646
7.8596
7.8979
7.9467
7.8559
7.8059
7.8185
7.7728
7.7865
7.7850
7.7698
7.7926
7.8329
7.8024
7.8249
7.7918
7.8299
7.8520
7.8832
7.8948
7.8480
7.8805
7.8599
7.8189
7.7984
7.8436
7.8534
7.8138
7.8073
7.8163
7.8108
7.7891
7.7788
7.7609
7.7989
7.8111
7.7831
7.7782
7.7846
7.7867
7.8310
7.8217
7.7957
7.8022
7.8317
7.8003
7.7225
7.7165
7.7177
7.6767
7.7011
7.7200
7.6889
7.6750
7.6838
7.7193
7.7412
7.7410
7.7950
7.8404
7.8065
7.8239
7.8155
7.7725
7.7755
7.7881
7.8447
7.8905
7.8431
7.8106
7.8377
7.8551
7.8532
7.8356
7.8169
7.8013
7.7729
7.8069
7.7875
7.7692
7.8278
7.8022
7.8055
7.8068
7.7926
7.8092
7.7945
7.7975
7.8001
7.8044
7.8338
7.8168
7.8380
7.8151
7.7816
7.7865
7.7996
7.8127
7.8417
7.9040
7.8780
7.8528
7.8582
7.8481
7.8374
7.8466
7.8719
7.8549
7.8693
7.8383
7.8566
7.8340
7.8451
7.8550
7.8248
7.7446
7.7416
7.7549
7.7362
7.7604
7.8244
7.8341
7.9261
7.9077
7.8734
7.8290
7.8112
7.8085
7.7914
7.7723
7.7665
7.7285
7.7290
7.8121
7.8030
7.8538
7.8484
7.8696
7.7895
7.7886
7.8265
7.8089
7.7966
7.7810
7.7944
7.7744
7.7770
7.8016
7.7975
7.7924
7.7730
7.7971
7.7468
7.7351
7.7409
7.7302
7.7138
7.7686
7.7741
7.7815
7.7452
7.7363
7.7726
7.7639
7.7826
7.7717
7.7449
7.7208
7.7012
7.7048
7.6962
7.6517
7.6574
7.6353
7.6135
7.6113
7.5778
7.5586
7.5628
7.5419
7.5572
7.5973
7.5606
7.5137
7.5174
7.5147
7.5097
7.5112
7.4797
7.4868
7.4611
7.4508
7.4174
7.4673
7.4951
7.4883
7.5166
7.4770
7.5230
7.5660
7.5333
7.5518
7.5496
7.5293
7.5009
7.4463
7.4780
7.4765
7.4953
7.4977
7.5689
7.6468
7.6749
7.6649
7.6728
7.7170
7.7586
7.7481
7.7207
7.7672
7.7937
7.7967
7.7767
7.8359
7.7780
7.8012
7.8273
7.8324
7.8042
7.8553
7.9210
7.9508
7.9561
7.9047
7.9464
7.9454
7.9712
8.0178
7.9519
7.9518
7.9195
7.9066
7.9171
7.9231
7.9053
7.8468
7.8537
7.8488
7.8298
7.8396
7.8420
7.8351
7.8748
7.9470
7.9643
7.9326
7.9396
7.9641
7.9626
7.9887
7.9664
7.9219
7.9079
7.9128
7.9451
7.9476
7.9413
7.9499
7.9588
7.9542
8.0120
8.0139
8.0317
7.9983
8.0559
8.0503
8.0729
8.0958
8.0685
8.0550
7.9662
7.9720
7.9287
7.9321
7.9006
7.9033
7.9502
7.9185
7.9621
7.9982
8.0043
8.0135
8.0095
7.9887
7.9835
7.9489
7.9801
7.9613
7.9090
7.9276
7.8801
7.9195
7.9203
7.8935
7.9046
7.8712
7.8780
7.9015
7.9426
7.9192
7.8852
7.8447
7.8354
7.8543
7.8448
7.8859
7.9349
7.9299
7.9121
7.9052
7.8866
7.8869
7.8708
7.8464
7.9063
7.8897
7.8074
7.7986
7.7848
7.8239
7.8244
7.8967
7.8498
7.8155
7.8246
7.7880
7.8222
7.8455
7.8683
7.8864
7.8825
7.8730
7.8109
7.8778
7.8751
7.8165
7.8019
7.8280
7.8421
7.8405
7.8226
7.8213
7.7922
7.7595
7.7230
7.7018
7.7167
7.7291
7.7238
7.7299
7.7147
7.7041
7.6699
7.6997
7.6927
7.6767
7.7010
7.7262
7.7194
7.6938
7.6850
7.6520
7.6527
7.6781
7.6477
7.6474
7.6347
7.6236
7.6637
7.6418
7.6244
7.6275
7.6109
7.5952
7.6077
7.6073
7.6309
7.6332
7.5985
7.5939
7.5857
7.5622
7.5451
7.5612
7.5643
7.5818
7.5984
7.5922
7.6186
7.6237
7.6014
7.6198
7.5868
7.6015
7.5818
7.5729
7.5595
7.5397
7.5410
7.5265
7.5423
7.5353
7.5457
7.5561
7.5688
7.5758
7.5672
7.5939
7.5867
7.5846
7.5594
7.5445
7.5557
7.5304
7.5047
7.4991
7.5067
7.5541
7.5508
7.5124
7.5771
7.5710
7.5950
7.6374
7.6628
7.7335
7.7252
7.6925
7.7067
7.7245
7.7228
7.7081
7.7108
7.7058
7.7206
7.7254
7.7345
7.7081
7.6903
7.7045
7.7253
7.7686
7.7754
7.7880
7.7893
7.8365
7.8243
7.8346
7.8144
7.7997
7.7794
7.7486
7.7378
7.7502
7.7792
7.8354
7.8347
7.8139
7.8199
7.8185
7.7654
7.7706
7.7703
7.7567
7.7425
7.7173
7.7155
7.7227
7.7477
7.7432
7.7484
7.7187
7.7131
7.7168
7.7217
7.7168
7.6856
7.6588
7.6393
7.6609
7.6648
7.6761
7.6743
7.6177
7.7058
7.8705
7.8521
7.8957
7.8873
7.9039
7.9014
7.9303
7.8526
7.8463
7.7978
7.8283
7.8180
7.8438
7.8523
7.8439
7.9429
7.9519
7.9357
7.9081
7.8908
7.8657
7.8513
7.8808
7.8996
7.8442
7.8610
7.8445
7.8309
7.7702
7.8589
7.7957
7.8249
7.8349
7.8518
7.8207
7.8279
7.8199
7.8239
7.7976
7.7947
7.7784
7.7903
7.8096
7.8282
7.8497
7.8582
7.8474
7.8265
7.8567
7.8417
7.7988
7.7943
7.8270
7.8657
7.8941
7.9025
7.8795
7.8684
7.8704
7.8524
7.8366
7.8392
7.8371
7.8540
7.8440
7.8425
7.7734
7.7604
7.7271
7.7115
7.7404
7.7187
7.7281
7.7210
7.7343
7.7629
7.7829
7.7786
7.7933
7.7834
7.7454
7.7576
7.7353
7.7416
7.7172
7.7625
7.8140
7.8149
7.8125
7.7993
7.7960
7.7968
7.7960
7.8374
7.7900
7.8025
7.8090
7.7783
7.7931
7.7764
7.7652
7.7643
7.8025
7.8175
7.8205
7.7946
7.7712
7.8049
7.7562
7.7184
7.7011
7.6773
7.6697
7.6536
7.6746
7.6837
7.6186
7.6112
7.6732
7.6530
7.6897
7.6509
7.6477
7.6338
7.6310
7.6504
7.6664
7.7681
7.7298
7.6858
7.6676
7.6711
7.6471
7.6025
7.6073
7.5890
7.5757
7.5645
7.5732
7.5538
7.5787
7.5945
7.6102
7.6045
7.6329
7.6813
7.6662
7.7469
7.7572
7.7014
7.7579
7.8511
7.9600
7.9240
7.8801
7.8877
7.7587
7.8351
7.7095
7.6925
7.6849
7.5919
7.6385
7.6549
7.6844
7.7675
7.7894
7.8337
7.7784
7.7653
7.7387
7.6476
7.6519
7.6802
7.6818
7.6709
7.7366
7.6998
7.6991
7.6821
7.6819
7.6888
7.6964
7.6259
7.6455
7.6860
7.6977
7.6723
7.6665
7.7275
7.6575
7.6707
7.6427
7.6719
7.6783
7.6933
7.7102
7.6655
7.6759
7.7068
7.7816
7.7806
7.8153
7.7797
7.7856
7.8269
7.8682
7.8804
7.9456
7.9327
7.9413
7.9599
8.0066
8.0349
7.9836
8.0025
8.0305
8.0250
7.9990
7.9840
8.0041
7.9602
7.9545
7.9332
7.9348
7.9944
7.9772
7.9206
7.9298
7.9841
7.9219
7.9151
7.9759
7.9310
7.9498
7.9287
7.9163
7.9230
7.8952
7.9309
7.9805
7.9975
7.9861
7.9975
7.9992
7.9982
8.0999
8.1057
8.1453
8.2344
8.2041
8.2067
8.2240
8.2637
8.1900
8.2157
8.2277
8.2325
8.2238
8.2003
8.1857
8.1758
8.2187
8.2100
8.2262
8.2407
8.2472
8.1985
8.1483
8.1897
8.1671
8.1262
8.1323
8.1749
8.1711
8.1739
8.0976
8.0802
8.1006
8.0789
8.0658
8.0584
8.1022
8.1043
8.0987
8.0526
8.0229
7.9861
8.0146
7.9992
7.9550
7.9433
7.9527
7.9451
7.9510
7.9777
7.9720
7.9805
7.9656
8.0128
8.0111
7.9934
7.9894
7.9047
7.9578
7.9388
7.9092
7.8756
7.8639
7.8767
7.8918
7.8879
7.8980
7.9157
7.9342
7.9345
7.8845
7.8531
7.8158
7.7962
7.8198
7.8038
7.8331
7.8468
7.8475
7.8107
7.7943
7.8105
7.8071
7.7945
7.7892
7.7820
7.7927
7.7916
7.8178
7.8152
7.8189
7.8254
7.8422
7.8798
7.8639
7.9203
7.9567
7.9421
7.9310
7.9115
7.9167
7.9254
7.9386
7.9588
7.9462
7.9633
8.0006
8.0146
7.9784
8.0056
7.9549
7.9624
7.9906
8.0070
8.0134
8.0225
7.9484
7.9315
7.9653
7.9392
7.9184
7.8806
7.8576
7.8716
7.8409
7.8499
7.8359
7.8610
7.8292
7.8552
7.8822
7.8712
7.8537
7.8411
7.8226
7.8047
7.8143
7.7756
7.7623
7.7542
7.7535
7.7618
7.7894
7.8235
7.8448
7.8207
7.8332
7.8422
7.7886
7.8172
7.8318
7.8447
7.8506
7.8362
7.8898
7.8385
7.7970
7.7840
7.7897
7.7846
7.7489
7.7446
7.7478
7.7433
7.7614
7.7636
7.7508
7.7519
7.7435
7.7507
7.7413
7.7582
7.7367
7.7133
7.7220
7.7063
7.7334
7.7154
7.6812
7.7195
7.7390
7.7761
7.7749
7.7934
7.7907
7.7905
7.8146
7.8129
7.8157
7.8323
7.8303
7.8011
7.8181
7.8320
7.8379
7.8373
7.8268
7.8463
7.8134
7.7967
7.8136
7.7636
7.8054
7.7809
7.8045
7.8177
7.8051
7.7969
7.8024
7.8226
7.8501
7.8594
7.8563
7.8393
7.8487
7.8560
7.8149
7.7808
7.7422
7.7722
7.8043
7.7812
7.7910
7.7667
7.7795
7.7938
7.7879
7.7828
7.7519
7.7501
7.7502
7.7582
7.6877
7.6619
7.6916
7.7014
7.7393
7.7193
7.7139
7.6922
7.6814
7.6742
7.6842
7.6594
7.6677
7.6545
7.6478
7.6832
7.6834
7.6751
7.6598
7.6268
7.6304
7.6373
7.6344
7.6305
7.6201
7.6153
7.6224
7.6426
7.6799
7.6722
7.6691
7.6838
7.6807
7.6818
7.6638
7.6555
7.6379
7.6190
7.5975
7.5996
7.6036
7.6237
7.6243
7.6244
7.5976
7.5901
7.5854
7.5990
7.6042
7.6031
7.6285
7.6195
7.6347
7.6465
7.6421
7.6503
7.6555
7.6611
7.6670
7.6376
7.6402
7.6228
7.6059
7.6168
7.6069
7.5849
7.6044
7.5726
7.5945
7.5850
7.5643
7.5803
7.5609
7.5433
7.5347
7.4847
7.4781
7.5013
7.4805
7.4407
7.4536
7.4591
7.4644
7.4522
7.4482
7.4683
7.4663
7.4617
7.4464
7.4302
7.4463
7.4337
7.4142
7.4124
7.4260
7.4169
7.4488
7.4077
7.4239
7.4082
7.3983
7.3756
7.4048
7.3989
7.3866
7.3292
7.3047
7.3034
7.2627
7.2170
7.2419
7.2027
7.1975
7.1943
7.1600
7.1676
7.2149
7.2002
7.2395
7.2065
7.2297
7.1935
7.1986
7.1671
7.1726
7.2114
7.1814
7.1777
7.1956
7.1691
7.2183
7.2234
7.1882
7.1965
7.1999
7.2056
7.2064
7.2087
7.2159
7.1994
7.2230
7.1947
7.2174
7.1924
7.2087
7.2187
7.2060
7.2128
7.2255
7.2379
7.2913
7.2728
7.2402
7.2212
7.2003
7.1936
7.1946
7.1533
7.1325
7.1293
7.1061
7.0857
7.0963
7.1625
7.2026
7.1795
7.2923
7.2807
7.2636
7.2759
7.2722
7.2564
7.1937
7.1969
7.2101
7.2060
7.1840
7.1831
7.1771
7.1669
7.0601
7.0828
7.0670
7.0462
7.0153
6.9996
6.9065
6.8846
6.8805
6.9454
7.0063
6.9633
6.9738
7.0117
6.9817
7.0176
7.0031
7.0152
7.0137
7.0003
6.9933
7.0007
6.9862
7.0550
7.0666
7.0403
7.0311
7.0026
6.9783
6.9498
6.9448
6.9115
6.9405
6.9199
6.8939
6.9320
6.9008
6.9448
7.0228
7.0332
7.0398
6.9837
6.9377
6.9381
6.9441
6.9548
6.9759
6.9594
6.9944
7.0506
7.0886
7.0967
7.0893
7.0691
7.0513
7.0786
7.0899
7.0972
7.1028
7.0638
7.0850
7.1449
7.1334
7.2024
7.1831
7.1735
7.1402
7.1586
7.1350
7.1465
7.1223
7.1146
7.1785
7.1722
7.0868
7.0434
7.0417
7.0013
6.9844
7.0308
7.0346
7.0680
7.0604
7.0367
7.0478
7.0737
7.0775
7.0382
6.9624
6.9870
6.9977
6.9029
6.8289
6.8230
6.8095
6.7793
6.7518
6.7722
6.7618
6.7943
6.8266
6.9064
6.8892
6.9040
6.8852
6.9094
6.8451
6.8534
6.8325
6.8705
6.9105
6.9117
6.8830
6.8769
6.9068
6.8931
6.9106
6.9222
6.9668
6.9352
6.9050
6.8767
6.8917
6.9060
6.8531
6.8457
6.7952
6.8220
6.8317
6.8671
6.9044
6.9233
6.8947
6.9017
6.9031
6.8768
6.9091
6.8968
6.9564
6.9543
7.0348
7.0467
6.9550
6.9852
6.9787
7.0066
7.0030
6.9821
6.9804
6.9442
6.9075
6.9156
6.9199
6.9223
6.9368
6.9481
7.0384
7.0555
7.0164
6.9715
6.9344
6.9669
6.9603
6.9945
6.9952
7.0130
7.0805
7.0672
7.0858
7.0504
7.1544
7.2072
7.1948
7.2552
7.2159
7.2380
7.2165
7.2156
7.1367
7.0894
7.2189
7.2495
7.2813
7.2184
7.3267
7.2906
7.3299
7.3720
7.3859
7.3790
7.3419
7.3344
7.3982
7.4442
7.4425
7.5326
7.4289
7.3437
7.3965
7.3971
7.3573
7.3494
7.3476
7.3324
7.3475
7.3670
7.3637
7.4009
7.4007
7.4037
7.3901
7.3900
7.4219
7.4229
7.4198
7.3994
7.4224
7.4151
7.3582
7.3698
7.2863
7.2985
7.2863
7.2045
7.2546
7.2732
7.2807
7.2700
7.2729
7.2791
7.3473
7.3193
7.3424
7.3425
7.3730
7.3642
7.3778
7.3893
7.3690
7.3601
7.3198
7.3452
7.3878
7.3689
7.3090
7.2608
7.2841
7.2992
7.2837
7.2930
7.3314
7.3229
7.3351
7.3081
7.3191
7.3372
7.3367
7.3227
7.3398
7.3378
7.3663
7.3349
7.3285
7.3326
7.3802
7.3975
7.3315
7.3515
7.3594
7.3413
7.3758
7.2865
7.3045
7.3117
7.3739
7.4058
7.4238
7.4312
7.3826
7.4131
7.4554
7.4679
7.4898
7.4763
7.4832
7.5034
7.5265
7.5014
7.5080
7.5183
7.5758
7.5761
7.5433
7.5436
7.5406
7.5298
7.5619
7.5837
7.6289
7.6424
7.6454
7.5979
7.5791
7.6330
7.6538
7.6112
7.6347
7.5853
7.5818
7.5817
7.5722
7.5621
7.5793
7.5762
7.5983
7.5766
7.6067
7.6039
7.6005
7.5891
7.5874
7.5820
7.5990
7.5926
7.6066
7.6065
7.6062
7.6040
7.6235
7.6541
7.6839
7.6888
7.7167
7.7363
7.7491
7.8100
7.8182
7.8462
7.8519
7.8866
7.8141
7.8972
7.8976
7.9262
7.9140
7.8983
7.9007
7.8646
7.8798
7.8820
7.8773
7.9291
7.9143
7.9274
8.0098
8.0076
8.0457
8.0745
8.1014
8.0240
7.9860
7.9749
7.8915
7.9109
7.9510
7.8799
7.8808
7.8620
7.8829
7.8397
7.8661
7.8976
7.8950
7.9030
7.9434
7.9584
7.9356
7.9605
7.9657
7.9387
7.9197
7.9456
7.9387
7.8796
7.8934
7.8783
7.8822
7.8800
7.9347
7.9196
7.8679
7.8528
7.8380
7.8476
7.8488
7.8565
7.8230
7.8115
7.8144
7.8093
7.7561
7.7796
7.8111
7.8059
7.7695
7.7766
7.7728
7.7517
7.7031
7.6986
7.7352
7.6885
7.6439
7.6644
7.6856
7.7162
7.6784
