5
16
28
39
49
55
68
77
83
95
-1
10
17
23
28
41
51
56
65
70
85
93
104
114
124
129
141
154
164
173
186
194
209
214
228
233
-1
12
20
28
41
55
61
66
81
95
104
-1
11
23
28
41
46
59
70
76
90
105
118
123
132
141
156
171
178
186
198
-1
10
20
35
45
58
63
77
86
91
104
-1
7
19
26
41
48
58
66
77
82
92
104
-1
10
22
37
48
62
68
78
86
98
108
118
129
135
148
153
162
-1
11
20
25
39
46
55
60
-1
8
17
30
37
51
63
73
85
95
-1
15
28
43
50
65
77
85
92
103
111
123
138
150
165
176
188
200
206
214
228
234
246
258
266
-1
7
12
25
30
40
46
53
59
65
73
80
94
109
122
136
148
162
172
185
196
208
213
218
225
233
-1
10
25
32
44
-1
13
21
28
33
48
62
73
79
-1
14
29
-1
15
21
31
44
53
63
78
90
98
104
116
123
138
146
151
166
172
187
-1
14
24
31
40
45
58
68
78
87
99
107
117
-1
12
22
33
42
53
64
75
82
-1
11
20
31
41
49
58
65
76
83
92
106
112
121
127
140
154
165
180
193
204
211
218
224
231
244
-1
5
16
26
33
38
49
55
65
79
86
99
108
122
127
135
140
153
162
174
181
-1
11
22
29
39
45
51
-1
12
23
34
-1
14
26
40
55
-1
9
19
27
-1
5
20
27
33
47
52
62
70
79
-1
8
16
31
46
58
68
74
84
92
105
118
124
138
150
-1
5
10
23
38
51
-1
14
20
32
47
57
62
-1
15
20
28
36
43
-1
13
18
25
38
50
55
69
79
91
97
111
123
131
146
158
-1
7
12
18
28
38
43
50
59
74
79
84
97
107
119
126
131
146
158
165
-1
14
28
41
48
60
65
78
84
94
104
114
129
134
140
146
151
163
177
-1
6
18
-1
14
22
32
45
59
68
77
83
94
101
112
122
130
-1
10
19
32
41
53
59
73
88
98
111
121
132
145
160
172
186
199
206
214
222
235
246
252
257
-1
11
16
31
40
-1
12
22
31
44
57
71
79
86
92
100
115
122
129
134
139
-1
7
18
31
42
55
63
77
91
105
-1
12
21
29
39
51
57
-1
9
22
-1
8
23
37
46
60
72
78
89
95
-1
7
15
24
-1
6
12
17
25
36
42
55
64
73
79
89
104
111
116
127
141
149
162
169
180
-1
